2381704
2641138
2802146
11329707
11348064
11763113
11883418
12151619
12151638
12188342
12503764
12503765
12788135
12854699
14717162
14750710
15046331
15111049
15116230
15516295
15543740
15559291
15669302
15783177
15794570
15840540
15883668
15913661
16109438
16109439
16190216
16193761
16201619
16219484
16233874
16245810
16509313
16786681
16856728
16872899
16955886
16955890
16986796
17256507
17258363
17265925
17265965
17310885
17547173
17664371
17686537
17695892
17695903
17698166
17931687
17988182
18029290
18281063
18295806
18380489
18439677
18501439
18504956
18504957
18522103
18594893
18619650
18656906
18661093
18754390
18754395
18767701
18768218
18805607
18833794
18939537
18987583
19010555
19101009
19121527
19174922
19321191
19328521
19342075
19358623
19377673
19394671
19569323
19569327
19569333
19673318
19708391
19731727
19744696
19759456
19847705
19862506
19863991
19910021
19946664
20044123
20096443
20183509
20398940
20426438
20451932
20493516
20521819
20584566
20594573
20599247
20821605
20821618
20821653
20836063
20853453
20944836
20951402
21112680
21130899
21166449
21220151
21270998
21309595
21354591
21381677
21439605
21505789
21528907
21542574
21600617
21644538
21680009
21705041
21742055
21774496
21905660
21944042
22051347
22100255
22118898
22127646
22134832
22285090
22325444
22335432
22456049
22476786
22676298
22707313
22820655
22955048
22970641
22990576
23023933
23108980
23283484
23322558
23395527
23435358
23490179
23521376
23532533
23589272
23636803
23660395
23695853
23722986
23734664
23790461
23796950
23834780
23883102
24025534
24060050
24077253
24107131
24115121
24206563
24268851
24352552
24380287
24385186
24460088
24529450
24703807
24729487
24762048
24770983
24775068
24815340
24821232
24935262
25011114
25015225
25048910
25088042
25093550
25108254
25113200
25152181
25234096
25282275
25439130
25445721
25497307
25528239
25569353
25575072
25604756
25618364
25703779
25765474
25819541
25825130
25828416
25845916
25897689
25939797
26011616
26085281
26142120
26168851
26318684
26319509
26332333
26543061
26554840
26560673
26562771
26610298
26615489
26794494
26874062
26889942
26933964
26974364
27089420
27106518
27107988
27139301
27163505
27192404
27206695
27285794
27289203
27376922
27453357
27479711
27497034
27504872
27665295
27666732
27677975
27697634
27711852
27718559
27771942
27792944
27992066
28011154
28029183
28054401
28056448
28089466
28202359
28260037
28283292
28316237
28350446
28425113
28477851
28558235
28587979
28614731
28634686
28651210
28654807
28668760
28679050
28704675
28724225
28737160
28752885
28780851
28818814
28851151
28865262
28918622
28988481
29105837
29107783
29145101
29149719
29169098
29184161
29191313
29248854
29258051
29272847
29310136
29363970
29417160
29427964
29477865
29495619
29501014
29516726
29560787
29571142
29577981
29611424
29627548
29729564
29754295
29763864
29787848
29857236
29857243
29883763
29886951
29905902
30008162
30017903
30032090
30056234
30145756
30172138
30180370
30180374
30212190
30268979
30317087
30317088
30348384
30470793
30502598
30504021
30508566
30509803
30580218
30611942
30614049
30628846
30632927
30639872
30649875
30677968
30681325
30690381
30703622
30759578
30797874
30803684
30844262
30848316
30849586
30897467
30901781
30938990
30981019
30991223
31078894
31091789
31153106
31176133
31181501
31181525
31195228
31246907
31251593
31252131
31339476
31352096
31352148
31352209
31353899
31357077
31394396
31433404
31524218
31539238
31543076
31609598
31652359
31665456
31727419
31739756
31751491
31774655
31794940
31804805
31823610
31841807
31854861
31877453
31881427
31904951
31922403
31927092
32004837
32066055
32114125
32142913
32160740
32174506
32200622
32202099
32279005
32298882
32302893
32305742
32315852
32345015
32369891
32469207
32474314
32480004
32481221
32510380
32540660
32549216
32629248
32644251
32683018
32753219
32798898
32823029
32835922
32866862
32870664
32894446
32894676
32932042
32938300
32986950
33017053
33022218
33041046
33043667
33120332
33170512
33171299
33201517
33210750
33254671
33254889
33261868
33279233
33283018
33283513
33292839
33307411
33354517
33379394
33395277
33401211
33421881
33444015
33483745
33515891
33517051
33605484
33611198
33647664
33662200
33704290
33739579
33739580
33740673
33749053
33764673
33773302
33774363
33803338
33829642
33851820
33971603
34008231
34030277
34062433
34080849
34102443
34171800
34182652
34207956
34222538
34231362
34288731
34288732
34289629
34293220
34296857
34308632
34343554
34371403
34380241
34437501
34449918
34479159
34509025
34519210
34520981
34523491
34525704
34560576
34562710
34562763
34582580
34595719
34601248
34606903
34634273
34662799
34668045
34679987
34689039
34695516
34715216
34750761
34762886
34774353
34779623
34780734
34780822
34785291
34807997
34808307
34818778
34896133
34932308
34952081
34953284
34954161
34958848
34961317
34979204
34990127
34990607
34991248
35007599
35026273
35029321
35068154
35138827
35146398
35175744
35199510
35219080
35231527
35245549
35255338
35301003
35306089
35324171
35339470
35339537
35358559
35378199
35438980
35447178
35460639
35483663
35537634
35545009
35593984
35623568
35654180
35660442
35661881
35665454
35672645
35678632
35678721
35686732
35690215
35791598
35817107
35817301
35833595
35835386
35860956
35863582
35907551
35914336
35939932
35977568
35982347
35985433
35985598
35995078
35999747
36007738
36055240
36057203
36080379
36084741
36149869
36179844
36183770
36201873
36241122
36272489
36273687
36280234
36303356
36345062
36398857
36400140
36436554
36455738
36461579
36468978
36484463
36502721
36512803
36525896
36528198
36535501
36581279
36610650
36638992
36681373
36706813
36720244
36726457
36764184
36772382
36773580
36800546
36808967
36812292
36822429
36842579
36848694
36848881
36848992
36848995
36863594
36873954
36900577
36924966
36958675
36969097
36972291
36972881
36990342
37011692
37030227
37031936
37048244
37055966
37068615
37069739
37112584
37126916
37132581
37146801
37156286
37163353
37184088
37196964
37207777
37220884
37236089
37236489
37244004
37270038
37276713
37301048
37310141
37315488
37331668
37343408
37355115
37356307
37368643
37400030
37419195
37437998
37458713
37481952
37511474
37536246
37539085
37565447
37572253
37572710
37574057
37589402
37590934
37591052
37606646
37610541
37619695
37633367
37666345
37699564
37699841
37728733
37730032
37742961
37774144
37797761
37802284
37802483
37802506
37838318
37852382
37888682
37925128
37948771
37949132
37963535
37972680
37996593
37999683
38064944
38101762
38103288
38114020
38151127
38153236
38154338
38159636
38215829
38251994
38266606
38270113
38309351
38315267
38338361
38346513
38346518
38365019
38365036
38365077
38373080
38396499
38411227
38438024
38451276
38481605
38483317
38489500
38493741
38494023
38494233
38501493
38521272
38564994
38575036
38593937
38614344
38645703
38669874
38677088
38683744
38701889
38705092
38723486
38723551
38723552
38735494
38743562
38752651
38793195
38896102
38908218
38941943
38980177
38996992
38997014
39003765
39032177
39047989
39059650
39066709
39073492
39086242
39096813
39102939
39104825
39117081
39127197
39138893
39150670
39168429
39181470
39189750
39226767
39236541
39245376
39256853
39288300
39298911
39304148
39316302
39327829
39349836
39363531
39369000
39383767
39389194
39389195
39389244
39393581
39395503
39396441
39406268
39413479
39419257
39437472
39476986
39490727
39510332
39514026
39514925
39523560
39537477
39552042
39577725
39613019
39638021
39642789
39662399
39668270
39674036
39708621
39720916
39722626
39733574
39757451
39761712
39764371
39765171
39770117
39807956
39824276
39832063
39841580
39842172
39855128
39871055
39887274
39887275
39889648
39892242
39903053
39946876
39954005
39955979
39959431
39965320
39993586
40010215
40020573
40024016
40036337
40037075
40043876
40073771
40107147
40133147
40141894
40156707
40164021
40187887
40188613
40220327
40222064
40239937
40252356
40280104
40280395
40307975
40316772
40321203
40344836
40348273
40356129
40373857
40391855
40412499
40456520
40464451
40472698
40485048
40499420
40499638
40534794
40543869
40554077
40554911
40569152
40581172
40602519
40602868
40616934
40618674
40632598
40654612
40676498
40680372
40683240
40690840
40712142
40757927
40763376
40763610
40784188
40784597
40789243
40802519
40809130
40813026
40841064
40849506
40865216
40888689
40906748
40923278
40941395
40945080
40951866
40961574
40972461
40992181
41003328
41005273
41014993
41027221
41047947
41059991
41065472
41067592
41088807
41109174
41139723
41187320
41187534
41216712
41260118
41288385
41315316
41332331
41344180
41344299
41352243
41374874
41376102
41381029
41381604
41392731
41411415
41411451
41418376
41441241
41448082
41494428
41519192
41525833
41538937
41544562
41544740
41558657
41564992
41587316
41588095
41612138
41632264
41653884
41655875
41655880
41662950
41672122
41702106
41714139
41734877
41740558
41740702
41745790
41745797
41759277
41762303
41773543
41780321
41789598
41791196
41803979
41812610
41817745
41831812
41846125
41864023
41872021
41872024
41888489
41895636
41897514
41926824
41930476
41931144
41936318
41940768
41944997
41956316
41967347
41976555
41976556
41981904
42000107
42000114
42034887
42043163
42059959
42063214
42066603
42138112
42150495
42151005
42160769
42178354
42183978
42191413
42233095
42248039
42258923
42302763
42308720
42309250
42314591
42314819
42337960
42347422
42361727
42421347
42442684
42458880
42467000
42474949
42480406
42485533
42495961
42500116
42520496
42537872
42560195
42579118
42594531
42646051
42650280
42667455
42674657
42676285
42691519
42702088
42713586
42713826
42719785
42719826
42721554
42744061
42766748
42775176
42785190
